2797
3060
3344
3487
1924
1001
2914
2094
2055
2257
914
998
999
1000
3574
2256
2255
3659
3466
3467
2186
3859
2326
3582
3868
1990
2179
2054
2986
1920
1885
4022
3816
3003
3002
2768
1481
1480
2209
2935
974
4145
1531
3155
2287
3826
3650
2556
2554
2936
3620
3001
1059
573
2409
1957
2661
3928
2873
1740
966
330
967
2261
2264
2555
2296
2836
915
1730
331
2068
2297
4053
2803
397
2193
2885
2069
1503
3059
3058
1008
1973
3099
4341
1971
1972
2455
619
618
917
1354
2066
921
2882
916
1060
2456
1353
3123
3575
611
3141
1555
2098
364
2175
518
2166
334
2265
1716
329
612
1554
326
335
328
3686
333
332
3210
88
610
2011
495
520
783
1006
86
1491
2835
519
3741
2535
2266
87
2099
2712
1125
2881
3571
2561
336
2711
327
3038
2819
3712
2010
3971
4031
4030
4367
928
4347
2017
2852
3496
3691
4355
4342
2607
4339
1328
2517
2851
103
105
552
3088
4397
104
106
1329
4119
3215
3300
3239
2662
2891
2544
3641
3110
1699
286
28
30
4334
3211
3040
4140
1725
160
3056
3209
29
3517
3647
2336
3666
2260
614
985
3749
3495
3200
2259
1735
2766
3646
2337
2787
2999
2641
687
3346
3745
2640
3443
3369
604
3130
2929
2928
1838
2229
535
3417
2369
2379
210
534
2105
2659
2106
1855
1853
1854
3037
1765
2230
1850
2306
1856
209
3125
1265
536
1851
2639
2270
3354
3753
1953
2079
3989
2930
1525
3474
755
2931
278
3824
3823
3378
3428
2600
2869
1145
1527
3643
2638
1552
2495
3515
4294
2458
3384
277
2393
1857
2271
1890
2208
1852
2117
3240
2457
1839
4164
1288
3323
3053
3216
3374
1496
131
3665
1495
130
3114
2932
3298
4415
3201
1184
3084
1526
4228
2155
2024
1185
897
1932
1910
1076
1007
1952
3622
1999
4407
4363
4263
3433
2644
2390
3106
2515
2516
3317
2276
4181
1807
2277
1105
3621
4100
412
3410
2434
565
3549
692
3701
1064
345
1657
279
851
849
907
1673
76
3505
344
642
2686
3831
346
3523
1214
2879
2023
913
2338
2771
1287
1696
423
1310
2046
2293
587
895
4052
1330
1537
896
3067
1831
313
2632
1549
2438
2298
2355
2374
84
786
1373
787
1227
1422
2574
1260
4188
546
3266
2868
2551
1225
964
839
164
3559
1377
887
547
93
4467
814
1559
1096
888
816
1553
1106
965
474
815
1216
885
242
1459
1097
2789
1021
2299
886
438
2212
817
840
1587
2300
626
912
1083
1215
627
2518
244
1098
3602
2710
437
1129
1467
166
1023
9
3718
2484
388
8
246
1556
852
1421
1035
1568
3347
1025
1345
162
243
563
2071
96
4388
404
94
165
159
475
1777
1251
1272
1355
1026
1161
1935
2169
199
163
370
672
2594
1785
102
674
85
1808
3509
95
2248
1038
3737
497
676
1530
4269
1069
1333
128
4305
369
675
245
99
2827
728
100
2049
3190
812
1228
1465
1809
1517
496
1516
4110
4320
1326
3154
1901
175
745
101
98
97
4088
77
4168
770
777
685
439
1236
132
4083
3671
861
673
79
4149
813
686
440
811
572
3352
2368
1729
2623
947
2378
2531
2149
4304
810
422
4152
516
4017
2387
1327
208
4434
1401
1402
1728
1681
3326
862
302
2845
270
216
78
1688
4434
4151
624
127
301
269
219
441
1068
4326
3689
548
176
215
1697
1521
1560
2870
4386
234
1629
3353
2303
1490
677
68
268
1193
3000
1720
1683
236
220
217
421
2150
1079
2859
3036
238
768
2128
2430
1400
453
2292
671
1996
1922
528
2129
710
218
1631
39
625
3855
212
455
1461
4179
2442
530
252
31
161
184
3034
2922
668
4161
578
266
2504
454
2672
452
1790
669
1632
529
2437
632
25
46
2120
47
2923
1226
45
4226
633
44
1658
670
4016
1754
48
1189
2038
1755
1588
831
2810
2811
2048
3391
1072
2576
1358
1602
2813
1601
968
1789
1304
36
521
257
408
409
284
4155
3728
3068
2203
4081
283
2818
282
280
281
256
324
2087
4316
4156
4154
752
3208
751
3104
325
37
3207
1303
1196
3049
2563
1393
3113
1289
1245
1604
1506
4190
3350
1917
1623
1507
2687
1918
1061
2309
2847
4225
4218
418
4180
1010
1903
429
4158
1663
1109
1302
798
1254
2608
2272
2414
3205
1829
2742
2072
2727
1509
4189
2313
1107
829
426
224
428
1119
527
2131
1318
2494
780
463
707
3558
615
2070
1816
658
830
293
492
226
844
2154
461
494
395
491
493
1182
1332
4162
225
3111
3217
231
3690
464
359
525
462
1859
2735
3382
230
292
583
360
294
291
358
229
1362
396
922
2497
3295
1290
394
594
1309
4178
2295
83
3272
1447
2451
1057
2902
3377
2717
2834
489
3656
3716
1143
2634
71
1950
595
2343
1949
383
1009
2750
384
2743
1891
1708
1709
1582
3296
3018
1710
3206
1955
3012
2332
2917
2785
2706
3706
1306
2737
1378
2205
2867
577
550
3188
3048
3288
3614
4255
3972
4117
4037
835
2770
2050
2341
1138
2602
1659
570
2589
3063
1222
962
1471
868
138
4431
467
1230
2361
193
1665
466
468
3022
1346
465
1812
1286
3925
139
1881
2161
2610
2595
1233
875
1175
1577
192
1146
2538
4358
1448
3546
1234
2123
75
1235
793
191
2441
1565
1231
2126
3343
1911
1666
792
4036
2224
2592
427
74
2127
1578
3136
1827
2251
2016
194
838
1232
4468
2486
1388
1795
2995
2357
460
363
3506
1475
1030
362
630
1566
1780
2065
1826
2913
2286
1925
1172
361
1270
1518
1031
771
551
1174
2619
4196
1173
1028
773
613
1470
4166
1063
1128
3528
2279
876
823
790
1394
4391
1282
772
1032
629
485
1140
1967
3793
2125
4038
1136
1137
2083
1003
1796
1033
1823
223
484
824
4426
1882
4026
1437
3913
2051
1142
3683
628
505
480
479
2096
2171
855
2753
581
2386
1029
1916
837
3567
2089
1284
2406
235
706
4375
3511
989
867
2331
478
1376
3010
1004
459
2758
600
1121
2618
4062
639
569
2918
641
1825
1170
1468
391
1778
3030
864
1103
1104
2302
2082
1909
1820
2044
2691
636
1144
1192
1805
3196
2163
3065
1804
2241
2580
3039
3364
1141
1041
141
1308
638
2148
1944
1813
1682
3066
825
988
3047
3286
836
507
509
939
1962
791
260
700
3394
2983
2176
637
597
1843
2086
1436
1102
2658
2365
1331
571
4337
4278
4279
258
1945
508
4438
640
4109
4186
1385
1255
259
877
3578
2670
2145
3684
4314
2063
4296
3017
4167
1340
2231
1569
4243
599
4335
2159
1814
598
261
938
143
2064
3911
2160
4284
1002
1782
1858
72
1420
549
73
1956
111
2796
937
776
1951
582
1384
1926
1902
774
1830
2147
2084
3023
1418
2380
1250
2314
2671
1419
775
2078
1592
3623
1005
142
1800
2170
221
1801
3052
2637
1927
2626
1567
1942
2514
4328
1847
2397
1872
2080
14
2404
2396
3028
2405
2665
2673
2410
2398
4268
2499
2598
1200
2498
2162
2501
1383
2284
2678
1737
54
403
1982
2062
2537
2500
2085
2848
12
4209
3711
18
2828
1871
23
17
49
2985
746
1382
4270
1614
16
2680
4461
1870
53
2283
2462
1381
5
57
4464
22
2282
64
63
58
3348
4409
3
2546
59
4
1078
56
15
2403
2536
55
4350
1840
20
24
1
2461
13
7
19
2
4401
61
3457
11
4376
67
3419
2752
66
2599
447
6
21
10
60
2807
503
2664
2124
62
2081
952
1763
2707
26
2804
27
2773
1762
2144
3411
2143
3091
2629
2622
264
2772
3603
3064
3027
65
2221
40
504
112
748
2679
1761
265
198
3493
1238
1764
1241
1158
1159
3448
841
2736
1221
1670
1074
693
1979
248
2236
167
694
1240
1239
2249
2013
2014
2575
2961
3471
3879
2142
3730
2962
1217
2963
